x
-1 1
1 -2.53 1.38
2 -3.59 3.61
3 0 145.5
4 -118 115.5
5 4.9 13
6 -5.6 5.6
7 0 0.409
8 -0.363 0.29
9 0.881 2.663
10 -1.482 1.379
11 -0.03661 0.239531
12 -0.232344 0.171865
13 0 114.129456
14 -85.490211 61.386578
15 -183.971319 248.860984
16 -247.949722 247.949722
17 0 10
18 -5 3
19 0 6
20 -3 3
21 0 3
22 -2 2
23 0 14
24 -5 5
25 0 9
26 -3 4
27 0 8
28 -2 2
29 -13.944576 -1.155518
30 -4.76441 5.616198
31 103.99939 431.997467
32 -199.998795 139.999207
33 -0.049374 -0.002249
34 -0.01585 0.022276
35 -0.130972 -6e-06
36 -0.046013 0.058277
37 -2.930512 20.959505
38 -22.756777 56.131435
39 -1.262976 2.262692
40 -2.1905 2.1905
41 -53.500702 4.515256
42 -25.910578 36.674713
43 0 0.966934
44 -0.372723 0.372723
45 177.082466 797.663879
46 -323.710236 271.069275
